Name	Description	Company	Type no	no of channels
Beckman UV-5240	Beckman UV-5240	Beckman	5240	826
Band	Average Wavelength (nm)	Full Width at Half the Maximum FWHM (nm)		
1	400	2		
2	401	2		
3	402	2		
4	403	2		
5	404	2		
6	405	2		
7	406	2		
8	407	2		
9	408	2		
10	409	2		
11	410	2		
12	411	2		
13	412	2		
14	413	2
15	414	2
16	415	2
17	416	2
18	417	2
19	418	2
20	419	2
21	420	2
22	421	2
23	422	2
24	423	2
25	424	2
26	425	2
27	426	2
28	427	2
29	428	2
30	429	2
31	430	2
32	431	2
33	432	2
34	433	2
35	434	2
36	435	2
37	436	2
38	437	2
39	438	2
40	439	2
41	440	2
42	441	2
43	442	2
44	443	2
45	444	2
46	445	2
47	446	2
48	447	2
49	448	2
50	449	2
51	450	2
52	451	2
53	452	2
54	453	2
55	454	2
56	455	2
57	456	2
58	457	2
59	458	2
60	459	2
61	460	2
62	461	2
63	462	2
64	463	2
65	464	2
66	465	2
67	466	2
68	467	2
69	468	2
70	469	2
71	470	2
72	471	2
73	472	2
74	473	2
75	474	2
76	475	2
77	476	2
78	477	2
79	478	2
80	479	2
81	480	2
82	481	2
83	482	2
84	483	2
85	484	2
86	485	2
87	486	2
88	487	2
89	488	2
90	489	2
91	490	2
92	491	2
93	492	2
94	493	2
95	494	2
96	495	2
97	496	2
98	497	2
99	498	2
100	499	2
101	500	2
102	501	2
103	502	2
104	503	2
105	504	2
106	505	2
107	506	2
108	507	2
109	508	2
110	509	2
111	510	2
112	511	2
113	512	2
114	513	2
115	514	2
116	515	2
117	516	2
118	517	2
119	518	2
120	519	2
121	520	2
122	521	2
123	522	2
124	523	2
125	524	2
126	525	2
127	526	2
128	527	2
129	528	2
130	529	2
131	530	2
132	531	2
133	532	2
134	533	2
135	534	2
136	535	2
137	536	2
138	537	2
139	538	2
140	539	2
141	540	2
142	541	2
143	542	2
144	543	2
145	544	2
146	545	2
147	546	2
148	547	2
149	548	2
150	549	2
151	550	2
152	551	2
153	552	2
154	553	2
155	554	2
156	555	2
157	556	2
158	557	2
159	558	2
160	559	2
161	560	2
162	561	2
163	562	2
164	563	2
165	564	2
166	565	2
167	566	2
168	567	2
169	568	2
170	569	2
171	570	2
172	571	2
173	572	2
174	573	2
175	574	2
176	575	2
177	576	2
178	577	2
179	578	2
180	579	2
181	580	2
182	581	2
183	582	2
184	583	2
185	584	2
186	585	2
187	586	2
188	587	2
189	588	2
190	589	2
191	590	2
192	591	2
193	592	2
194	593	2
195	594	2
196	595	2
197	596	2
198	597	2
199	598	2
200	599	2
201	600	2
202	601	2
203	602	2
204	603	2
205	604	2
206	605	2
207	606	2
208	607	2
209	608	2
210	609	2
211	610	2
212	611	2
213	612	2
214	613	2
215	614	2
216	615	2
217	616	2
218	617	2
219	618	2
220	619	2
221	620	2
222	621	2
223	622	2
224	623	2
225	624	2
226	625	2
227	626	2
228	627	2
229	628	2
230	629	2
231	630	2
232	631	2
233	632	2
234	633	2
235	634	2
236	635	2
237	636	2
238	637	2
239	638	2
240	639	2
241	640	2
242	641	2
243	642	2
244	643	2
245	644	2
246	645	2
247	646	2
248	647	2
249	648	2
250	649	2
251	650	2
252	651	2
253	652	2
254	653	2
255	654	2
256	655	2
257	656	2
258	657	2
259	658	2
260	659	2
261	660	2
262	661	2
263	662	2
264	663	2
265	664	2
266	665	2
267	666	2
268	667	2
269	668	2
270	669	2
271	670	2
272	671	2
273	672	2
274	673	2
275	674	2
276	675	2
277	676	2
278	677	2
279	678	2
280	679	2
281	680	2
282	681	2
283	682	2
284	683	2
285	684	2
286	685	2
287	686	2
288	687	2
289	688	2
290	689	2
291	690	2
292	691	2
293	692	2
294	693	2
295	694	2
296	695	2
297	696	2
298	697	2
299	698	2
300	699	2
301	700	2
302	701	2
303	702	2
304	703	2
305	704	2
306	705	2
307	706	2
308	707	2
309	708	2
310	709	2
311	710	2
312	711	2
313	712	2
314	713	2
315	714	2
316	715	2
317	716	2
318	717	2
319	718	2
320	719	2
321	720	2
322	721	2
323	722	2
324	723	2
325	724	2
326	725	2
327	726	2
328	727	2
329	728	2
330	729	2
331	730	2
332	731	2
333	732	2
334	733	2
335	734	2
336	735	2
337	736	2
338	737	2
339	738	2
340	739	2
341	740	2
342	741	2
343	742	2
344	743	2
345	744	2
346	745	2
347	746	2
348	747	2
349	748	2
350	749	2
351	750	2
352	751	2
353	752	2
354	753	2
355	754	2
356	755	2
357	756	2
358	757	2
359	758	2
360	759	2
361	760	2
362	761	2
363	762	2
364	763	2
365	764	2
366	765	2
367	766	2
368	767	2
369	768	2
370	769	2
371	770	2
372	771	2
373	772	2
374	773	2
375	774	2
376	775	2
377	776	2
378	777	2
379	778	2
380	779	2
381	780	2
382	781	2
383	782	2
384	783	2
385	784	2
386	785	2
387	786	2
388	787	2
389	788	2
390	789	2
391	790	2
392	791	2
393	792	2
394	793	2
395	794	2
396	795	2
397	796	2
398	797	2
399	798	2
400	799	2
401	800	2
402	804	2
403	808	2
404	812	2
405	816	2
406	820	2
407	824	2
408	828	2
409	832	2
410	836	2
411	840	2
412	844	2
413	848	2
414	852	2
415	856	2
416	860	2
417	864	2
418	868	2
419	872	2
420	876	2
421	880	2
422	884	2
423	888	2
424	892	2
425	896	2
426	900	2
427	904	2
428	908	2
429	912	2
430	916	2
431	920	2
432	924	2
433	928	2
434	932	2
435	936	2
436	940	2
437	944	2
438	948	2
439	952	2
440	956	2
441	960	2
442	964	2
443	968	2
444	972	2
445	976	2
446	980	2
447	984	2
448	988	2
449	992	2
450	996	2
451	1000	2
452	1004	2
453	1008	2
454	1012	2
455	1016	2
456	1020	2
457	1024	2
458	1028	2
459	1032	2
460	1036	2
461	1040	2
462	1044	2
463	1048	2
464	1052	2
465	1056	2
466	1060	2
467	1064	2
468	1068	2
469	1072	2
470	1076	2
471	1080	2
472	1084	2
473	1088	2
474	1092	2
475	1096	2
476	1100	2
477	1104	2
478	1108	2
479	1112	2
480	1116	2
481	1120	2
482	1124	2
483	1128	2
484	1132	2
485	1136	2
486	1140	2
487	1144	2
488	1148	2
489	1152	2
490	1156	2
491	1160	2
492	1164	2
493	1168	2
494	1172	2
495	1176	2
496	1180	2
497	1184	2
498	1188	2
499	1192	2
500	1196	2
501	1200	2
502	1204	2
503	1208	2
504	1212	2
505	1216	2
506	1220	2
507	1224	2
508	1228	2
509	1232	2
510	1236	2
511	1240	2
512	1244	2
513	1248	2
514	1252	2
515	1256	2
516	1260	2
517	1264	2
518	1268	2
519	1272	2
520	1276	2
521	1280	2
522	1284	2
523	1288	2
524	1292	2
525	1296	2
526	1300	2
527	1304	2
528	1308	2
529	1312	2
530	1316	2
531	1320	2
532	1324	2
533	1328	2
534	1332	2
535	1336	2
536	1340	2
537	1344	2
538	1348	2
539	1352	2
540	1356	2
541	1360	2
542	1364	2
543	1368	2
544	1372	2
545	1376	2
546	1380	2
547	1384	2
548	1388	2
549	1392	2
550	1396	2
551	1400	2
552	1404	2
553	1408	2
554	1412	2
555	1416	2
556	1420	2
557	1424	2
558	1428	2
559	1432	2
560	1436	2
561	1440	2
562	1444	2
563	1448	2
564	1452	2
565	1456	2
566	1460	2
567	1464	2
568	1468	2
569	1472	2
570	1476	2
571	1480	2
572	1484	2
573	1488	2
574	1492	2
575	1496	2
576	1500	2
577	1504	2
578	1508	2
579	1512	2
580	1516	2
581	1520	2
582	1524	2
583	1528	2
584	1532	2
585	1536	2
586	1540	2
587	1544	2
588	1548	2
589	1552	2
590	1556	2
591	1560	2
592	1564	2
593	1568	2
594	1572	2
595	1576	2
596	1580	2
597	1584	2
598	1588	2
599	1592	2
600	1596	2
601	1600	2
602	1604	2
603	1608	2
604	1612	2
605	1616	2
606	1620	2
607	1624	2
608	1628	2
609	1632	2
610	1636	2
611	1640	2
612	1644	2
613	1648	2
614	1652	2
615	1656	2
616	1660	2
617	1664	2
618	1668	2
619	1672	2
620	1676	2
621	1680	2
622	1684	2
623	1688	2
624	1692	2
625	1696	2
626	1700	2
627	1704	2
628	1708	2
629	1712	2
630	1716	2
631	1720	2
632	1724	2
633	1728	2
634	1732	2
635	1736	2
636	1740	2
637	1744	2
638	1748	2
639	1752	2
640	1756	2
641	1760	2
642	1764	2
643	1768	2
644	1772	2
645	1776	2
646	1780	2
647	1784	2
648	1788	2
649	1792	2
650	1796	2
651	1800	2
652	1804	2
653	1808	2
654	1812	2
655	1816	2
656	1820	2
657	1824	2
658	1828	2
659	1832	2
660	1836	2
661	1840	2
662	1844	2
663	1848	2
664	1852	2
665	1856	2
666	1860	2
667	1864	2
668	1868	2
669	1872	2
670	1876	2
671	1880	2
672	1884	2
673	1888	2
674	1892	2
675	1896	2
676	1900	2
677	1904	2
678	1908	2
679	1912	2
680	1916	2
681	1920	2
682	1924	2
683	1928	2
684	1932	2
685	1936	2
686	1940	2
687	1944	2
688	1948	2
689	1952	2
690	1956	2
691	1960	2
692	1964	2
693	1968	2
694	1972	2
695	1976	2
696	1980	2
697	1984	2
698	1988	2
699	1992	2
700	1996	2
701	2000	2
702	2004	2
703	2008	2
704	2012	2
705	2016	2
706	2020	2
707	2024	2
708	2028	2
709	2032	2
710	2036	2
711	2040	2
712	2044	2
713	2048	2
714	2052	2
715	2056	2
716	2060	2
717	2064	2
718	2068	2
719	2072	2
720	2076	2
721	2080	2
722	2084	2
723	2088	2
724	2092	2
725	2096	2
726	2100	2
727	2104	2
728	2108	2
729	2112	2
730	2116	2
731	2120	2
732	2124	2
733	2128	2
734	2132	2
735	2136	2
736	2140	2
737	2144	2
738	2148	2
739	2152	2
740	2156	2
741	2160	2
742	2164	2
743	2168	2
744	2172	2
745	2176	2
746	2180	2
747	2184	2
748	2188	2
749	2192	2
750	2196	2
751	2200	2
752	2204	2
753	2208	2
754	2212	2
755	2216	2
756	2220	2
757	2224	2
758	2228	2
759	2232	2
760	2236	2
761	2240	2
762	2244	2
763	2248	2
764	2252	2
765	2256	2
766	2260	2
767	2264	2
768	2268	2
769	2272	2
770	2276	2
771	2280	2
772	2284	2
773	2288	2
774	2292	2
775	2296	2
776	2300	2
777	2304	2
778	2308	2
779	2312	2
780	2316	2
781	2320	2
782	2324	2
783	2328	2
784	2332	2
785	2336	2
786	2340	2
787	2344	2
788	2348	2
789	2352	2
790	2356	2
791	2360	2
792	2364	2
793	2368	2
794	2372	2
795	2376	2
796	2380	2
797	2384	2
798	2388	2
799	2392	2
800	2396	2
801	2400	2
802	2404	2
803	2408	2
804	2412	2
805	2416	2
806	2420	2
807	2424	2
808	2428	2
809	2432	2
810	2436	2
811	2440	2
812	2444	2
813	2448	2
814	2452	2
815	2456	2
816	2460	2
817	2464	2
818	2468	2
819	2472	2
820	2476	2
821	2480	2
822	2484	2
823	2488	2
824	2492	2
825	2496	2
826	2500	2
